{
  "best_val_acc": 0.968500018119812,
  "test_acc": 0.9718999862670898,
  "f1_micro": 0.9719,
  "f1_macro": 0.9714865710812616,
  "epochs": 6
}